global coverage_group 0 0 $unit::monitor#(8)::fifo_cg __coverage_monitor#(8).fifo_cg unused_monitor#(8)_fifo_cg_loop_label $unit 0 0 0 1 $unit::design.sv::testbench.sv 0  ( 0 
)
 1 1
 0 25 /home/runner/testbench.sv
 132 0 0 0 1 0 0 0 0 0  1
0
0
0
0 0
 0
 0
 0
 0
 0
 0
 0
 0 0
 0
 0 0
 0 0
 0
 0
 0
 0
 0
 0
 0
 0
 169 _vcs_unit__4119958780_monitor_7821792521382294244_7::_vcs_unit__4119958780_monitor_7821792521382294244_7__vcs_unit__4119958780_monitor_7821792521382294244_7_fifo_cg_fn_5
 0
0
0
0
64
0
 0

4
0
3
0
 8 cp_wr_en 135 0 0 0 0 0 0 167 _vcs_unit__4119958780_monitor_7821792521382294244_7::_vcs_unit__4119958780_monitor_7821792521382294244_7__vcs_unit__4119958780_monitor_7821792521382294244_7_fifo_cg_fn 167 _vcs_unit__4119958780_monitor_7821792521382294244_7::_vcs_unit__4119958780_monitor_7821792521382294244_7__vcs_unit__4119958780_monitor_7821792521382294244_7_fifo_cg_fn 0 0 0 0 0 0 0 0 0 0 0 -1 0 0 -1 0 0 0 -1 2 1 0 0 1 0 0 0 0
 0
 0
 0
 0
 0
 0
 0 0
 0
 0
 0
 0
 0
 0
 0
 2 1 1 0 0 1 1 6 active 136 0 0 1 0 0 0 0 0 0 0 0 0 0 -1 0 0 -1 0 0 1 1 1 169 _vcs_unit__4119958780_monitor_7821792521382294244_7::_vcs_unit__4119958780_monitor_7821792521382294244_7__vcs_unit__4119958780_monitor_7821792521382294244_7_fifo_cg_fn_0 0 0 0 0 0 0 0
 0
 1 1 0 0 1 1 4 idle 137 0 0 1 0 0 0 0 0 0 0 0 0 0 -1 0 0 -1 0 0 1 1 1 169 _vcs_unit__4119958780_monitor_7821792521382294244_7::_vcs_unit__4119958780_monitor_7821792521382294244_7__vcs_unit__4119958780_monitor_7821792521382294244_7_fifo_cg_fn_1 0 0 0 0 0 0 0
 0

 8 cp_rd_en 139 0 0 0 0 0 0 169 _vcs_unit__4119958780_monitor_7821792521382294244_7::_vcs_unit__4119958780_monitor_7821792521382294244_7__vcs_unit__4119958780_monitor_7821792521382294244_7_fifo_cg_fn_2 169 _vcs_unit__4119958780_monitor_7821792521382294244_7::_vcs_unit__4119958780_monitor_7821792521382294244_7__vcs_unit__4119958780_monitor_7821792521382294244_7_fifo_cg_fn_2 0 0 0 0 0 0 0 0 0 0 0 -1 0 0 -1 0 0 0 -1 2 1 0 0 1 0 0 0 0
 0
 0
 0
 0
 0
 0
 0 0
 0
 0
 0
 0
 0
 0
 0
 2 1 1 0 0 1 1 6 active 140 0 0 1 0 0 0 0 0 0 0 0 0 0 -1 0 0 -1 0 0 1 1 1 169 _vcs_unit__4119958780_monitor_7821792521382294244_7::_vcs_unit__4119958780_monitor_7821792521382294244_7__vcs_unit__4119958780_monitor_7821792521382294244_7_fifo_cg_fn_0 0 0 0 0 0 0 0
 0
 1 1 0 0 1 1 4 idle 141 0 0 1 0 0 0 0 0 0 0 0 0 0 -1 0 0 -1 0 0 1 1 1 169 _vcs_unit__4119958780_monitor_7821792521382294244_7::_vcs_unit__4119958780_monitor_7821792521382294244_7__vcs_unit__4119958780_monitor_7821792521382294244_7_fifo_cg_fn_1 0 0 0 0 0 0 0
 0

 7 cp_full 143 0 0 0 0 0 0 169 _vcs_unit__4119958780_monitor_7821792521382294244_7::_vcs_unit__4119958780_monitor_7821792521382294244_7__vcs_unit__4119958780_monitor_7821792521382294244_7_fifo_cg_fn_3 169 _vcs_unit__4119958780_monitor_7821792521382294244_7::_vcs_unit__4119958780_monitor_7821792521382294244_7__vcs_unit__4119958780_monitor_7821792521382294244_7_fifo_cg_fn_3 0 0 0 0 0 0 0 0 0 0 0 -1 0 0 -1 0 0 0 -1 2 1 0 0 1 0 0 0 0
 0
 0
 0
 0
 0
 0
 0 0
 0
 0
 0
 0
 0
 0
 0
 2 1 1 0 0 1 1 7 is_full 144 0 0 1 0 0 0 0 0 0 0 0 0 0 -1 0 0 -1 0 0 1 1 1 169 _vcs_unit__4119958780_monitor_7821792521382294244_7::_vcs_unit__4119958780_monitor_7821792521382294244_7__vcs_unit__4119958780_monitor_7821792521382294244_7_fifo_cg_fn_0 0 0 0 0 0 0 0
 0
 1 1 0 0 1 1 8 not_full 145 0 0 1 0 0 0 0 0 0 0 0 0 0 -1 0 0 -1 0 0 1 1 1 169 _vcs_unit__4119958780_monitor_7821792521382294244_7::_vcs_unit__4119958780_monitor_7821792521382294244_7__vcs_unit__4119958780_monitor_7821792521382294244_7_fifo_cg_fn_1 0 0 0 0 0 0 0
 0

 8 cp_empty 147 0 0 0 0 0 0 169 _vcs_unit__4119958780_monitor_7821792521382294244_7::_vcs_unit__4119958780_monitor_7821792521382294244_7__vcs_unit__4119958780_monitor_7821792521382294244_7_fifo_cg_fn_4 169 _vcs_unit__4119958780_monitor_7821792521382294244_7::_vcs_unit__4119958780_monitor_7821792521382294244_7__vcs_unit__4119958780_monitor_7821792521382294244_7_fifo_cg_fn_4 0 0 0 0 0 0 0 0 0 0 0 -1 0 0 -1 0 0 0 -1 2 1 0 0 1 0 0 0 0
 0
 0
 0
 0
 0
 0
 0 0
 0
 0
 0
 0
 0
 0
 0
 2 1 1 0 0 1 1 8 is_empty 148 0 0 1 0 0 0 0 0 0 0 0 0 0 -1 0 0 -1 0 0 1 1 1 169 _vcs_unit__4119958780_monitor_7821792521382294244_7::_vcs_unit__4119958780_monitor_7821792521382294244_7__vcs_unit__4119958780_monitor_7821792521382294244_7_fifo_cg_fn_0 0 0 0 0 0 0 0
 0
 1 1 0 0 1 1 9 not_empty 149 0 0 1 0 0 0 0 0 0 0 0 0 0 -1 0 0 -1 0 0 1 1 1 169 _vcs_unit__4119958780_monitor_7821792521382294244_7::_vcs_unit__4119958780_monitor_7821792521382294244_7__vcs_unit__4119958780_monitor_7821792521382294244_7_fifo_cg_fn_1 0 0 0 0 0 0 0
 0

 13 cross_wr_full 0 151 0 0 -1 0 0 0 0 2 0 2 0 -1 0 0 0
 0
 0
 0
 0 0
 0 0
 0
 0
 0
 0
 0
 0
 0
 14 cross_rd_empty 0 152 0 0 -1 0 0 0 0 2 1 3 0 -1 0 0 0
 0
 0
 0
 0 0
 0 0
 0
 0
 0
 0
 0
 0
 0
 11 cross_wr_rd 0 153 0 0 -1 0 0 0 0 2 0 1 0 -1 0 0 0
 0
 0
 0
 0 0
 0 0
 0
 0
 0
 0
 0
 0
 0
end_coverage_group
